4294967294,0
4294967278,137
4294967279,137
4294967279,375
4294967278,447
4294967279,57
4294967279,377
4294967279,55
4294967279,54
4294967279,547
4294967279,355
4294967279,366
4294967279,354
4294967279,52
4294967279,50
4294967279,350
4294967279,376
4294967279,2
4294967278,435
4294967279,374
4294967279,336
4294967279,48
4294967279,551
4294967279,564
4294967279,246
4294967279,44
4294967279,42
4294967279,41
4294967279,218
4294967279,574
4294967279,571
4294967279,335
4294967279,373
4294967279,334
4294967278,445
4294967278,444
4294967279,39
4294967279,37
4294967279,36
4294967279,34
4294967279,33
4294967279,31
4294967278,434
4294967279,353
4294967279,29
4294967279,333
4294967279,563
4294967279,328
4294967279,570
4294967279,372
4294967279,349
4294967279,133
4294967279,569
4294967279,364
4294967279,568
4294967279,561
4294967279,525
4294967279,263
4294967279,296
4294967279,326
4294967279,28
4294967279,26
4294967279,25
4294967279,23
4294967279,22
4294967279,20
4294967279,19
4294967279,18
4294967279,380
4294967279,550
4294967294,424
4294967279,257
4294967279,256
4294967279,255
4294967279,254
4294967294,99
4294967294,76
4294967294,41
4294967278,443
4294967278,442
4294967278,2
4294967279,15
4294967279,13
4294967279,11
4294967279,10
4294967279,363
4294967278,428
4294967278,88
4294967278,389
4294967278,252
4294967278,294
4294967279,362
4294967278,388
4294967278,441
4294967278,440
4294967279,9
4294967278,263
4294967294,437
4294967294,43
4294967294,417
4294967294,51
4294967278,293
4294967278,282
4294967278,307
4294967278,407
4294967278,232
4294967294,199
4294967294,198
4294967294,192
4294967294,1009
4294967294,1004
4294967294,1002
4294967294,997
4294967294,401
4294967294,185
4294967294,176
4294967294,170
4294967294,163
4294967294,162
4294967294,161
4294967294,92
4294967294,82
4294967279,0
4294967278,326
4294967278,220
4294967278,342
4294967278,216
4294967294,202
4294967294,1415
4294967278,280
4294967294,6
4294967278,132
4294967278,131
4294967278,130
4294967278,129
4294967278,260
4294967278,331
4294967278,128
4294967278,127
4294967278,126
4294967278,125
4294967278,124
4294967278,227
4294967278,123
4294967278,357
4294967278,122
4294967278,121
4294967278,120
4294967278,356
4294967278,119
4294967278,425
4294967278,118
4294967278,117
4294967278,225
4294967278,116
4294967278,115
4294967278,114
4294967278,113
4294967278,112
4294967278,111
4294967278,249
4294967278,110
4294967278,292
4294967278,109
4294967278,344
4294967278,108
4294967278,305
4294967278,107
4294967278,106
4294967278,304
4294967278,105
4294967278,104
4294967278,103
4294967278,102
4294967278,174
4294967278,279
4294967278,100
4294967278,99
4294967278,98
4294967278,439
4294967278,96
4294967278,95
4294967278,94
4294967278,93
4294967278,92
4294967278,91
4294967278,90
4294967278,89
4294967278,86
4294967278,85
4294967278,84
4294967278,83
4294967278,82
4294967278,81
4294967278,80
4294967278,78
4294967278,77
4294967278,75
4294967278,74
4294967278,416
4294967278,73
4294967278,404
4294967278,72
4294967278,71
4294967278,291
4294967278,70
4294967278,69
4294967278,68
4294967278,67
4294967278,66
4294967278,65
4294967278,64
4294967278,63
4294967278,438
4294967279,356
4294967279,361
4294967279,260
4294967279,79
4294967279,76
4294967279,74
4294967279,331
4294967279,73
4294967279,69
4294967279,67
4294967279,63
4294967279,367
4294967279,61
4294967279,59
4294967279,58
4294967279,330
4294967279,56
4294967279,53
4294967279,51
4294967279,534
4294967279,49
4294967279,47
4294967279,575
4294967279,46
4294967279,45
4294967279,43
4294967279,40
4294967279,38
4294967279,35
4294967279,320
4294967279,346
4294967279,32
4294967279,329
4294967279,30
4294967279,27
4294967279,339
4294967279,24
4294967279,21
4294967279,17
4294967279,16
4294967279,14
4294967279,540
4294967279,12
4294967279,524
4294967279,8
4294967279,269
4294967279,7
4294967279,6
4294967279,560
4294967279,5
4294967279,4
4294967278,101
4294967278,212
4294967294,25
4294967278,211
4294967278,210
4294967278,347
4294967278,0
4294967278,97
4294967278,208
4294967294,46
4294967278,207
4294967294,81
4294967294,205
4294967294,143
4294967294,140
4294967294,134
4294967294,1018
4294967294,992
4294967294,989
4294967294,60
4294967278,206
4294967278,205
4294967278,204
4294967278,203
4294967278,202
4294967279,202
4294967278,201
4294967279,370
4294967279,174
4294967278,87
4294967278,405
4294967278,199
4294967278,198
4294967278,197
4294967278,196
4294967278,195
4294967294,17
4294967294,42
4294967278,194
4294967279,194
4294967278,193
4294967278,79
4294967278,418
4294967278,191
4294967294,22
4294967278,190
4294967294,50
4294967294,197
4294967294,195
4294967294,194
4294967294,193
4294967294,1015
4294967294,1013
4294967294,1012
4294967294,1008
4294967294,1006
4294967294,999
4294967294,998
4294967294,7
4294967278,76
4294967278,272
4294967294,30
4294967294,142
4294967294,139
4294967294,990
4294967294,988
4294967294,987
4294967294,67
0,5
4294967278,188
4294967294,52
4294967294,12
4294967294,1017
4294967294,26
4294967294,93
4294967294,95
4294967279,188
4294967294,196
4294967294,1014
4294967294,1011
4294967294,1007
4294967294,1
4294967294,996
4294967294,995
4294967294,421
4294967294,190
4294967294,182
4294967294,173
4294967294,88
4294967294,83
4294967294,11
4294967294,68
67,5
67,4
67,3
67,2
67,1
4294967294,479
64,7
